5
"muon cos#theta" " GeV/c" "\cos\theta_{\mu}" " GeV/c"
"0p muon cos#theta" " " "0p \cos\theta_{\mu}" " "
"Np muon cos#theta" " " "Np \cos\theta_{\mu}" " "
"muon mom" " GeV/c" "\mu_{P}" " GeV/c"
"bin number" "bin number" "" ""
5
"events"
1 0 31 -1 -0.85 -0.775 -0.7 -0.625 -0.55 -0.475 -0.4 -0.325 -0.25 -0.175 -0.1 -0.025 0.05 0.125 0.2 0.275 0.35 0.425 0.5 0.575 0.65 0.725 0.8 0.85 0.875 0.9 0.925 0.95 0.975 1
0
30
0 1 1
1 1 2
2 1 3
3 1 4
4 1 5
5 1 6
6 1 7
7 1 8
8 1 9
9 1 10
10 1 11
11 1 12
12 1 13
13 1 14
14 1 15
15 1 16
16 1 17
17 1 18
18 1 19
19 1 20
20 1 21
21 1 22
22 1 23
23 1 24
24 1 25
25 1 26
26 1 27
27 1 28
28 1 29
29 1 30
"events"
1 1 31 -1 -0.85 -0.775 -0.7 -0.625 -0.55 -0.475 -0.4 -0.325 -0.25 -0.175 -0.1 -0.025 0.05 0.125 0.2 0.275 0.35 0.425 0.5 0.575 0.65 0.725 0.8 0.85 0.875 0.9 0.925 0.95 0.975 1
0
30
30 1 1
31 1 2
32 1 3
33 1 4
34 1 5
35 1 6
36 1 7
37 1 8
38 1 9
39 1 10
40 1 11
41 1 12
42 1 13
43 1 14
44 1 15
45 1 16
46 1 17
47 1 18
48 1 19
49 1 20
50 1 21
51 1 22
52 1 23
53 1 24
54 1 25
55 1 26
56 1 27
57 1 28
58 1 29
59 1 30
"events"
1 2 31 -1 -0.85 -0.775 -0.7 -0.625 -0.55 -0.475 -0.4 -0.325 -0.25 -0.175 -0.1 -0.025 0.05 0.125 0.2 0.275 0.35 0.425 0.5 0.575 0.65 0.725 0.8 0.85 0.875 0.9 0.925 0.95 0.975 1
0
30
60 1 1
61 1 2
62 1 3
63 1 4
64 1 5
65 1 6
66 1 7
67 1 8
68 1 9
69 1 10
70 1 11
71 1 12
72 1 13
73 1 14
74 1 15
75 1 16
76 1 17
77 1 18
78 1 19
79 1 20
80 1 21
81 1 22
82 1 23
83 1 24
84 1 25
85 1 26
86 1 27
87 1 28
88 1 29
89 1 30
"events"
1 3 27 0.1 0.175 0.2 0.225 0.25 0.275 0.3 0.325 0.35 0.375 0.4 0.425 0.45 0.475 0.5 0.55 0.6 0.65 0.7 0.75 0.8 0.85 0.9 0.95 1 1.1 1.2
0
26
90 1 1
91 1 2
92 1 3
93 1 4
94 1 5
95 1 6
96 1 7
97 1 8
98 1 9
99 1 10
100 1 11
101 1 12
102 1 13
103 1 14
104 1 15
105 1 16
106 1 17
107 1 18
108 1 19
109 1 20
110 1 21
111 1 22
112 1 23
113 1 24
114 1 25
115 1 26
"events"
1 4 117 0 1 2 3 4 5 6 7 8 9 10 11 12 13 14 15 16 17 18 19 20 21 22 23 24 25 26 27 28 29 30 31 32 33 34 35 36 37 38 39 40 41 42 43 44 45 46 47 48 49 50 51 52 53 54 55 56 57 58 59 60 61 62 63 64 65 66 67 68 69 70 71 72 73 74 75 76 77 78 79 80 81 82 83 84 85 86 87 88 89 90 91 92 93 94 95 96 97 98 99 100 101 102 103 104 105 106 107 108 109 110 111 112 113 114 115 116
0
116
0 1 1
1 1 2
2 1 3
3 1 4
4 1 5
5 1 6
6 1 7
7 1 8
8 1 9
9 1 10
10 1 11
11 1 12
12 1 13
13 1 14
14 1 15
15 1 16
16 1 17
17 1 18
18 1 19
19 1 20
20 1 21
21 1 22
22 1 23
23 1 24
24 1 25
25 1 26
26 1 27
27 1 28
28 1 29
29 1 30
30 1 31
31 1 32
32 1 33
33 1 34
34 1 35
35 1 36
36 1 37
37 1 38
38 1 39
39 1 40
40 1 41
41 1 42
42 1 43
43 1 44
44 1 45
45 1 46
46 1 47
47 1 48
48 1 49
49 1 50
50 1 51
51 1 52
52 1 53
53 1 54
54 1 55
55 1 56
56 1 57
57 1 58
58 1 59
59 1 60
60 1 61
61 1 62
62 1 63
63 1 64
64 1 65
65 1 66
66 1 67
67 1 68
68 1 69
69 1 70
70 1 71
71 1 72
72 1 73
73 1 74
74 1 75
75 1 76
76 1 77
77 1 78
78 1 79
79 1 80
80 1 81
81 1 82
82 1 83
83 1 84
84 1 85
85 1 86
86 1 87
87 1 88
88 1 89
89 1 90
90 1 91
91 1 92
92 1 93
93 1 94
94 1 95
95 1 96
96 1 97
97 1 98
98 1 99
99 1 100
100 1 101
101 1 102
102 1 103
103 1 104
104 1 105
105 1 106
106 1 107
107 1 108
108 1 109
109 1 110
110 1 111
111 1 112
112 1 113
113 1 114
114 1 115
115 1 116